1000 5500
1 33 290 4 325 263 295 711 16 17 177 83 339 153 508 61 
0 192 2 514 3 6 200 172 46 400 90 570 62 
1 4 5 6 934 9 779 527 16 882 84 278 24 859 413 286 
1 737 166 7 487 8 648 522 140 620 590 943 81 657 242 818 819 246 378 60 861 
0 512 736 2 355 39 871 8 104 716 337 19 541 
2 35 979 167 10 27 459 396 333 175 543 751 
32 1 2 421 742 10 523 493 653 816 952 953 602 959 
3 515 489 970 13 15 975 209 785 23 503 28 508 636 125 31 
145 3 4 676 932 999 985 45 141 15 
960 2 69 363 14 176 17 20 21 437 597 24 26 668 30 127 
96 673 36 5 6 487 11 12 876 429 662 281 697 282 
208 452 309 789 886 56 248 10 378 587 364 846 
34 868 549 584 10 47 783 82 722 20 790 506 158 
416 896 193 7 906 621 782 271 497 18 530 818 946 147 22 664 831 
966 9 265 397 847 848 180 53 502 822 247 668 285 766 31 
115 675 404 38 7 8 72 296 570 
0 96 897 2 868 101 135 650 51 884 567 411 571 60 29 
0 130 355 260 198 391 487 9 618 906 432 721 594 180 596 566 671 
515 103 603 955 13 77 
194 770 4 375 551 136 808 393 266 506 875 
32 258 519 9 586 619 12 141 591 209 274 403 598 314 635 893 
194 482 722 948 551 9 191 831 
262 614 969 44 716 13 500 726 23 215 88 602 92 316 861 
896 755 612 22 7 455 25 75 443 254 398 734 
321 2 930 931 995 756 55 376 9 397 702 
224 352 705 323 518 902 359 44 749 273 913 50 23 186 
576 545 869 9 556 718 143 623 911 49 372 405 278 119 251 607 
256 864 960 899 5 630 536 427 603 702 
322 36 228 262 486 7 583 649 969 138 587 530 502 855 88 57 541 701 
67 74 587 779 749 430 686 16 48 852 150 697 730 925 414 670 639 
608 9 521 969 272 691 694 87 184 730 155 765 447 
64 482 164 37 7 233 425 14 178 596 570 827 987 
336 449 802 20 52 452 6 279 474 
0 609 373 198 470 521 777 953 366 
512 800 197 73 169 12 910 113 114 437 631 952 220 797 63 
576 547 675 420 5 41 397 973 79 627 979 724 662 153 829 
993 242 354 390 313 10 715 28 76 
64 193 40 43 431 721 274 402 243 885 183 537 634 59 219 798 31 991 
737 52 276 121 190 254 15 
97 4 69 646 776 42 394 210 149 54 534 984 287 
928 801 147 37 70 296 652 
80 49 673 35 949 313 751 
677 869 39 775 777 783 400 945 722 410 156 668 189 511 
800 961 100 37 774 205 749 813 271 818 307 151 318 542 894 607 
544 129 388 964 597 22 25 137 969 
801 276 405 406 8 425 74 395 588 93 
1 868 231 712 945 308 788 820 245 888 441 830 319 
787 230 442 12 685 733 350 
675 804 932 168 424 265 490 655 529 116 218 29 734 479 
258 546 900 357 933 41 649 809 684 818 627 85 55 345 26 636 317 638 
644 804 491 108 396 748 813 366 436 852 118 25 537 857 218 794 
832 993 258 674 163 291 837 933 232 746 782 16 244 564 85 859 413 797 702 
32 418 68 38 966 650 395 108 398 686 847 789 853 54 441 953 957 447 
546 243 467 260 229 742 902 572 14 110 
579 39 136 271 52 628 86 310 247 855 824 984 58 
49 497 581 773 24 394 415 
65 161 546 547 420 391 11 336 468 852 120 536 474 570 475 603 254 639 863 
368 688 449 545 66 642 690 485 758 712 28 510 
801 899 804 681 366 304 464 146 914 54 86 278 345 222 926 
417 705 228 37 327 843 462 911 628 949 217 378 285 158 
3 102 134 72 428 461 78 751 16 274 567 955 127 
0 962 294 936 489 491 396 428 972 111 626 858 892 477 
128 1 130 838 105 876 175 943 275 724 533 885 534 535 695 701 606 415 
544 161 34 962 515 388 293 647 711 557 781 112 401 123 860 958 383 
897 226 164 964 37 71 713 459 685 753 89 665 730 31 
112 288 273 449 964 261 789 56 472 459 717 
259 820 726 584 57 906 107 205 477 589 286 
800 928 674 355 868 805 327 179 787 468 890 188 29 735 
513 675 165 646 647 807 139 907 686 273 52 182 215 281 890 668 126 
320 912 593 70 39 9 893 335 
576 499 69 40 664 315 379 205 
64 868 405 629 534 456 267 683 621 494 
656 947 484 982 823 280 60 716 717 94 15 
352 129 34 900 598 279 232 650 187 843 
899 341 199 906 29 45 397 589 
514 357 327 489 681 554 586 812 23 440 217 922 572 575 
560 241 467 36 584 441 876 317 94 270 942 
369 18 82 726 871 424 250 842 715 812 765 
609 658 947 101 551 663 667 60 412 302 527 
417 35 259 339 611 901 874 
321 776 41 587 430 782 751 560 274 562 627 628 861 893 190 
3 677 489 585 170 235 878 855 568 346 506 731 701 
960 545 705 132 581 295 969 12 77 560 562 821 664 920 91 123 189 
0 466 292 340 372 149 822 648 957 973 989 
672 2 133 773 106 144 113 882 340 628 437 821 342 122 314 412 831 
803 133 197 389 775 839 395 845 686 432 49 626 658 51 372 311 697 442 602 827 511 
803 644 133 390 681 426 524 588 465 881 371 597 54 473 58 
240 866 547 947 150 312 761 586 397 30 
160 929 597 981 22 310 935 152 619 28 286 95 
64 352 752 771 885 518 614 886 473 731 429 973 
1 305 481 98 531 644 901 856 172 989 862 
416 82 275 500 293 373 709 680 
22 566 742 747 572 
785 370 486 376 584 680 137 172 892 45 798 351 
496 162 468 693 470 934 72 76 
641 99 899 213 88 794 287 607 
16 293 487 10 236 285 
480 736 768 928 803 165 39 209 913 117 186 572 893 862 
544 433 196 340 149 90 171 750 
402 787 197 154 474 333 718 95 
832 643 772 805 43 205 622 464 753 562 243 691 187 
16 722 979 180 597 934 312 680 601 970 204 78 
512 928 481 577 897 292 849 499 500 820 182 410 60 765 
18 386 995 516 327 808 920 411 317 813 255 
642 579 4 293 231 232 300 143 495 464 881 442 858 701 927 
545 210 339 549 790 423 124 476 493 62 255 
738 307 323 84 308 165 166 378 540 893 287 
993 66 828 
50 52 148 708 919 185 571 908 109 798 
627 468 677 183 108 604 990 
194 323 691 53 520 281 268 415 943 
546 131 300 142 527 210 690 691 277 309 61 862 894 
432 65 306 546 933 438 646 440 664 843 63 
34 882 84 228 708 534 343 839 424 712 762 989 
34 995 837 262 742 138 234 492 206 526 562 919 698 350 574 
496 337 993 708 262 983 15 
545 993 578 836 964 293 359 391 904 751 48 315 220 541 
976 97 966 407 894 
144 50 148 181 405 757 183 311 184 602 335 
146 452 724 201 697 825 26 122 158 670 
337 945 674 914 56 248 348 253 718 
512 899 165 38 492 684 978 660 566 412 189 989 830 223 
576 482 691 707 84 119 360 649 665 235 655 
400 82 818 612 167 455 871 686 63 
352 801 418 898 355 548 341 105 315 828 141 718 
644 7 248 142 543 
418 482 68 470 710 300 910 
960 387 534 758 440 9 969 60 269 
978 310 330 62 366 239 367 
704 337 753 227 339 166 439 73 554 44 175 
17 787 135 359 567 905 427 716 62 639 
962 963 180 566 631 252 412 733 111 287 
305 82 470 634 906 715 508 572 238 542 814 591 
707 836 358 199 200 650 206 979 84 85 86 822 412 287 
352 753 355 229 375 759 424 60 716 
16 130 243 772 852 900 523 939 876 861 911 
290 450 19 547 707 54 924 
832 386 514 276 469 679 44 93 382 
401 114 770 195 707 500 964 646 393 203 28 
68 533 505 905 634 684 221 351 527 
848 257 577 801 3 771 484 426 716 157 621 879 
801 626 20 501 8 586 124 444 
993 454 974 111 655 368 752 274 821 279 343 440 186 538 571 125 
432 390 982 104 616 185 26 476 879 
672 752 369 84 118 566 696 218 906 203 159 
592 960 225 323 916 566 8 330 525 
643 691 773 119 345 58 235 494 670 415 
629 40 171 684 13 719 
192 482 962 743 904 521 108 972 372 118 726 343 759 286 
177 98 83 275 262 630 39 296 409 585 698 925 
328 554 682 876 269 593 87 151 441 378 29 191 575 
260 709 198 935 777 43 174 302 405 150 222 734 191 511 
992 354 884 245 917 88 760 893 254 622 175 
0 35 517 789 441 410 572 876 285 829 
99 852 950 345 857 427 910 207 543 
352 801 993 514 996 421 426 300 368 752 562 219 30 
272 560 976 513 743 855 42 860 
304 448 499 534 140 620 893 831 
119 567 360 794 59 12 862 
144 496 501 216 568 879 
768 626 772 646 88 984 430 862 
771 244 295 56 745 969 363 731 268 685 63 
609 483 582 935 94 
51 340 372 437 853 822 982 235 830 
64 816 257 211 437 469 280 521 316 31 
97 68 106 234 908 749 881 280 312 121 249 922 829 
129 962 3 405 757 857 937 106 604 911 
320 5 773 933 918 314 123 
832 960 674 995 806 556 684 206 48 752 816 241 338 215 
400 34 308 644 996 647 570 955 716 429 
240 81 242 214 551 919 202 314 330 508 750 
289 98 930 422 776 842 427 716 173 590 816 561 147 766 
1 741 585 524 206 529 657 978 341 469 90 923 93 190 
642 756 469 216 874 171 174 718 782 783 
609 647 682 173 591 208 627 151 888 249 378 572 701 989 
544 129 417 770 5 152 474 62 
416 576 545 900 677 9 489 938 628 726 760 860 477 222 
0 577 356 900 645 805 905 875 718 466 149 853 695 823 919 218 
995 329 362 331 396 589 559 721 343 280 632 637 446 31 
386 67 628 902 587 
256 514 131 101 935 714 939 333 14 590 271 17 341 535 732 221 
544 386 118 839 377 697 347 843 540 
480 963 68 996 102 295 359 936 939 273 433 660 916 923 
37 422 455 810 109 589 942 624 593 118 505 923 508 
752 194 356 118 855 249 489 269 30 734 511 
336 595 901 438 251 108 143 975 
97 999 872 142 786 275 531 214 438 25 667 573 478 990 959 
962 100 212 533 231 73 393 969 315 828 814 
945 67 326 231 375 855 200 424 266 459 
913 82 775 600 680 824 121 473 761 42 827 636 
80 768 993 38 679 393 921 875 172 415 
256 321 462 497 562 467 21 150 151 791 312 664 380 477 286 
1 210 148 662 232 968 281 506 875 478 543 623 
865 626 37 774 583 872 649 588 13 719 
545 802 19 21 471 184 505 874 652 110 
801 611 710 407 519 567 647 920 521 138 334 478 
849 98 435 660 692 949 438 551 316 285 670 
369 34 322 99 691 85 470 407 330 478 606 
33 17 225 691 151 535 665 889 972 751 
929 133 742 552 712 969 74 682 874 363 525 855 794 221 
1 577 133 965 490 237 465 978 435 531 883 950 952 249 346 188 446 
307 468 868 821 406 119 489 505 586 430 
291 355 867 964 170 811 814 623 783 624 752 849 278 310 502 407 571 766 
144 304 499 373 776 138 571 766 783 
291 101 647 584 874 267 734 
544 66 323 899 100 484 804 70 742 43 653 596 790 444 540 701 
448 114 133 614 168 172 527 959 
960 996 154 445 718 863 943 
673 482 932 473 426 794 11 573 174 
848 97 20 484 294 7 872 859 783 
192 258 579 421 869 39 105 491 460 111 885 538 414 
866 164 598 537 777 316 317 831 
352 768 643 995 740 776 914 537 633 761 793 187 797 638 
322 850 628 309 757 282 860 956 333 302 95 
608 866 581 170 186 234 778 623 639 
609 68 933 775 168 681 267 816 787 22 566 694 886 791 730 
691 868 375 697 348 173 237 159 271 
336 881 482 850 899 963 438 601 59 75 686 894 
144 48 177 50 946 518 311 232 280 648 680 462 
242 916 37 389 155 524 829 
34 435 116 372 852 422 586 363 588 972 397 846 
544 802 291 627 180 869 199 279 969 139 862 479 
900 582 935 395 749 176 625 915 756 341 534 151 58 
496 576 608 321 467 803 983 121 252 716 399 
913 802 533 711 25 652 780 
145 579 821 198 745 395 573 334 
64 450 740 779 460 592 434 405 886 631 888 952 285 511 703 
768 129 929 632 906 620 559 
113 901 391 615 59 28 509 
353 435 53 741 134 391 392 521 331 411 814 463 
561 641 673 644 535 603 860 446 47 447 719 
946 387 419 837 742 104 187 188 668 46 383 
192 448 832 966 104 680 73 363 749 976 626 51 499 665 218 890 
467 932 965 794 299 779 348 508 31 447 
401 114 259 483 165 214 301 
992 545 163 876 782 81 689 146 594 885 344 122 283 891 894 
96 852 552 744 857 762 858 428 493 750 894 
544 200 648 905 906 844 782 913 466 818 946 216 443 317 
658 132 708 948 679 779 381 478 
128 256 832 449 978 341 456 857 443 685 734 
965 999 776 170 301 621 335 656 754 87 856 572 766 
753 547 168 393 76 412 
769 3 36 821 264 649 170 426 219 284 
400 722 100 37 53 135 686 543 
256 161 642 51 933 379 333 606 654 718 
435 708 869 806 951 152 619 46 
369 258 802 3 661 901 648 906 954 476 877 
705 323 484 54 346 730 973 14 
768 594 979 550 120 858 11 459 460 125 749 463 
418 738 867 964 165 200 296 556 174 306 566 375 184 829 
528 592 722 708 327 315 316 77 
992 691 951 185 26 827 620 
928 131 709 263 393 586 493 973 847 435 507 571 223 
481 626 611 935 120 297 826 989 542 783 
961 322 38 303 911 976 465 757 23 279 152 56 666 
465 642 820 406 550 103 105 586 
681 491 779 239 496 560 180 244 660 887 697 793 27 191 
337 291 164 677 342 823 999 140 845 
336 49 210 962 51 20 246 777 460 684 541 
66 611 308 964 326 312 234 316 892 382 862 79 
802 422 391 554 842 491 493 845 399 368 17 945 276 53 630 151 667 478 734 
65 275 677 470 407 791 441 458 685 271 
774 874 751 816 114 306 818 115 149 22 409 729 28 349 
0 552 425 489 876 914 693 439 474 252 893 638 670 543 
242 995 372 724 
324 837 554 653 14 366 48 401 562 757 726 856 893 
771 964 645 776 842 816 19 629 757 379 411 188 350 
804 71 554 204 560 721 276 884 662 215 503 282 349 
161 513 934 682 906 876 110 372 757 789 343 695 665 346 603 669 831 
800 465 657 913 387 150 184 363 860 127 
416 560 626 451 726 282 76 527 
416 673 708 804 261 422 614 487 970 43 13 180 54 216 536 955 765 
608 437 310 935 537 585 156 284 668 30 
65 722 946 68 182 902 408 760 888 25 665 812 
384 37 877 142 718 495 80 816 20 821 310 60 508 
481 676 964 261 422 998 301 783 847 401 149 186 91 62 
737 260 38 582 137 267 45 813 430 750 532 725 476 
800 452 964 805 678 841 620 558 974 111 559 592 760 
416 2 822 713 58 26 202 860 397 461 718 
32 833 388 805 550 647 73 142 660 473 540 221 254 
465 178 802 164 165 437 72 520 218 988 302 319 
192 289 68 580 10 810 874 110 848 787 315 571 444 
449 897 290 873 10 267 270 978 787 213 469 377 765 
354 802 378 602 235 365 
272 337 242 290 322 403 340 470 921 395 492 301 
96 226 514 196 388 390 488 298 14 527 722 692 153 59 477 989 
737 66 2 966 680 525 910 976 337 657 818 148 501 88 668 509 191 
513 610 131 133 901 39 392 106 874 843 558 335 560 602 444 95 
944 65 835 630 423 551 823 776 681 447 
384 465 435 901 281 697 171 333 765 
0 480 736 965 136 362 522 650 525 848 533 792 282 284 541 637 765 
257 51 711 505 825 202 204 684 221 861 
546 83 102 375 653 
96 450 711 104 429 723 116 630 663 857 378 91 63 
386 708 868 357 710 490 459 715 209 850 61 893 478 
0 161 817 82 627 182 647 971 444 
321 913 996 149 726 615 40 249 954 620 462 15 
613 709 933 550 745 368 658 978 726 950 312 634 253 
738 996 875 285 
918 679 855 233 475 507 845 
104 841 111 787 308 468 887 728 633 986 155 444 541 126 766 
240 738 275 630 934 234 826 827 284 
708 900 213 151 280 441 506 524 701 78 
611 580 390 518 550 847 945 851 534 826 254 382 990 447 
610 741 646 361 203 463 655 627 404 724 58 157 607 831 
673 132 966 456 811 788 726 822 982 985 90 922 605 959 
112 945 483 805 262 376 249 314 506 794 379 
688 992 785 693 201 106 43 686 559 
259 740 711 169 106 300 620 46 942 850 979 470 982 
213 758 505 11 379 111 543 639 
128 609 674 802 712 202 875 460 272 274 626 54 88 858 
769 338 85 757 821 118 218 410 588 477 973 719 
674 259 101 165 869 551 297 810 653 782 368 851 87 568 601 794 477 191 
36 500 644 630 919 41 602 907 542 
741 167 423 615 170 655 657 306 84 20 884 982 315 543 
802 866 70 487 745 939 652 973 977 116 281 473 314 250 187 124 
386 930 259 164 196 462 782 816 211 22 250 479 639 
608 355 740 103 76 237 688 49 721 753 977 211 628 821 633 
721 374 327 43 638 527 
464 657 467 485 790 280 426 587 844 46 894 
368 435 69 373 757 167 520 984 
80 464 296 24 473 777 476 748 860 191 223 
450 419 197 937 787 564 213 537 284 28 636 254 734 
711 106 554 363 332 205 973 110 145 339 247 855 25 505 989 
400 960 401 387 803 265 491 843 
0 673 705 979 693 933 615 603 462 
962 259 612 820 357 437 950 920 188 910 
449 67 103 75 525 398 496 497 913 435 531 250 59 318 895 
679 363 685 334 530 754 789 150 919 952 953 858 542 862 
178 727 875 511 
128 145 433 722 978 197 808 170 379 491 652 
611 932 229 775 972 717 178 498 883 757 953 890 763 733 863 
386 323 839 680 920 905 442 570 765 813 335 
289 99 244 180 5 213 502 685 701 350 590 
225 433 594 195 676 549 328 520 351 
418 69 646 553 811 875 332 588 943 240 336 118 569 794 670 287 
32 768 258 941 335 399 432 688 753 56 472 760 217 185 
544 129 257 899 4 594 115 120 441 890 284 924 286 
531 693 406 758 311 711 168 858 555 476 492 
0 129 323 739 822 727 105 444 541 79 
849 98 83 163 84 500 551 505 284 
690 180 468 901 74 427 667 172 124 829 222 239 
257 84 951 842 366 
419 613 837 742 553 268 142 558 113 178 562 690 148 953 
481 657 658 835 995 534 954 235 939 987 428 
49 146 820 629 709 58 154 796 573 
400 81 545 818 914 405 247 200 443 268 447 
995 181 853 874 685 638 718 
544 576 546 802 356 933 806 455 648 233 787 120 216 571 
401 262 267 879 
114 770 693 266 426 333 47 799 
464 417 851 837 391 984 570 139 731 93 334 415 
705 212 756 134 89 73 25 857 155 124 927 
786 947 229 901 634 572 684 
979 36 469 791 935 152 283 927 
17 67 4 596 134 551 567 202 124 317 559 
177 835 372 997 184 392 348 492 797 718 847 
547 484 741 326 294 714 75 555 908 49 434 371 373 
416 514 133 837 375 376 600 760 457 619 
130 484 553 811 973 723 116 182 376 25 921 955 797 415 895 
960 449 738 839 683 428 652 397 685 560 824 122 893 158 
304 401 373 757 377 921 574 719 
705 977 290 178 453 903 652 477 
448 161 674 323 933 199 328 232 9 620 269 884 470 407 220 766 
577 467 388 948 422 790 11 395 731 
530 979 406 631 569 283 859 476 765 
128 33 709 999 265 427 428 50 466 564 917 342 473 58 444 476 
128 608 659 915 407 687 
320 260 644 756 312 297 57 155 715 700 653 142 
144 433 484 197 597 853 246 443 77 686 543 
960 577 835 436 884 667 796 93 701 
545 929 357 86 422 566 822 951 920 394 682 811 
738 163 356 421 264 779 268 909 83 148 85 26 220 510 702 
320 33 833 357 549 933 361 203 946 723 823 855 91 
641 884 645 318 
292 549 358 134 550 424 425 782 19 469 853 216 249 188 925 
385 899 901 358 359 938 652 621 306 882 532 886 24 665 93 702 
181 361 282 636 845 
480 642 3 293 106 11 716 589 174 848 150 568 697 889 59 283 508 383 
306 547 244 309 725 70 774 266 330 445 797 
794 443 813 718 734 191 
725 757 821 759 808 473 410 955 238 
417 259 551 935 584 137 877 430 798 303 
417 593 689 405 231 378 478 63 
848 289 274 498 778 826 843 
772 935 376 
736 609 803 645 294 103 137 332 396 879 179 181 535 953 443 316 
738 963 324 869 231 407 764 269 127 
722 946 598 279 743 569 44 364 285 63 
962 85 503 858 219 589 
449 450 36 549 775 845 303 143 559 946 86 534 285 
17 513 546 116 228 260 852 229 56 670 351 
448 673 356 229 421 777 395 753 952 634 411 412 287 415 
483 867 138 621 845 814 241 19 506 890 187 252 924 190 
963 646 39 427 684 560 371 55 760 571 508 604 766 639 671 
800 225 550 998 647 392 776 617 364 45 52 85 501 730 284 222 
513 657 386 50 178 835 5 470 61 734 943 
705 35 771 966 360 74 460 14 850 278 87 695 24 220 
52 677 614 327 23 887 473 857 442 970 511 
336 260 999 649 730 223 
1 833 547 324 169 42 813 782 943 243 403 501 952 346 123 412 863 
324 361 265 777 138 234 554 686 530 275 503 504 349 63 
640 946 99 915 37 726 552 762 974 
400 417 577 930 20 964 920 284 476 508 749 639 
304 724 15 
961 226 166 582 71 875 972 45 497 118 151 695 440 26 346 383 
480 768 338 962 483 790 201 45 365 542 255 
882 195 387 692 117 261 197 455 202 363 367 943 
273 801 569 554 858 922 668 621 
738 149 677 262 760 457 
484 724 884 102 311 583 153 42 381 670 
16 229 469 103 392 266 620 861 
131 995 133 392 874 906 779 78 400 241 627 84 121 
2 674 51 583 616 760 922 779 637 943 
210 772 422 934 633 634 29 573 
593 146 486 359 55 392 938 110 190 62 734 351 
770 358 585 13 270 271 176 468 853 278 726 91 669 
403 612 742 647 59 763 382 462 351 79 175 383 
547 52 726 664 680 249 124 493 126 335 
593 322 231 343 554 477 813 909 
721 35 803 772 455 56 714 446 
6 392 844 558 913 210 562 499 851 372 858 155 540 926 
962 260 869 966 521 171 364 271 593 881 371 275 183 220 733 414 
288 707 950 647 105 314 587 652 829 814 
48 113 449 690 452 134 375 188 460 77 734 
500 533 582 742 263 375 521 681 45 590 750 31 
577 742 551 712 938 140 719 208 242 466 86 601 761 730 155 350 319 
480 481 673 130 394 171 781 366 341 154 27 956 927 
833 631 344 360 712 987 236 60 61 366 
993 293 89 169 10 
160 805 614 872 201 942 431 80 276 920 954 955 572 29 382 
994 37 438 430 
336 112 592 17 690 85 697 650 558 143 
528 369 98 182 330 813 334 670 783 
226 818 357 725 454 999 554 909 655 
320 289 196 229 245 327 200 252 220 604 
50 370 499 839 843 477 
34 163 164 326 9 681 272 624 84 280 955 541 893 639 
112 640 945 514 803 196 933 185 217 186 974 431 
608 800 129 530 947 933 678 263 759 765 894 751 
112 688 736 405 565 918 615 75 142 558 127 
576 452 261 999 680 76 302 46 464 337 627 52 150 760 153 730 956 
868 773 104 905 682 746 332 492 398 47 849 467 85 953 
369 481 386 23 919 346 380 237 239 447 511 
517 295 711 938 300 205 141 366 339 599 281 506 794 701 861 287 
808 968 844 207 751 688 881 594 947 379 636 829 861 
944 178 420 677 693 230 678 200 794 971 987 
288 230 711 936 233 589 653 813 303 946 52 821 758 823 346 443 765 30 
690 788 232 392 568 905 538 363 540 157 206 
32 65 708 390 327 935 360 424 653 526 239 658 57 282 
226 322 644 293 390 136 776 555 781 823 887 829 989 
585 522 270 607 
32 800 277 119 424 441 746 11 684 573 
769 946 501 550 984 362 491 540 973 
753 913 434 787 679 953 634 539 733 142 463 863 
993 420 23 407 183 951 680 730 123 348 860 
305 913 531 837 853 71 615 663 859 638 750 239 
624 832 529 597 358 631 409 922 635 973 463 783 
261 535 919 935 524 910 
64 512 65 802 964 5 549 294 946 468 248 667 188 
753 226 210 258 310 248 424 587 397 541 
788 278 665 650 795 60 652 
417 658 883 325 296 218 59 811 316 749 862 191 
304 752 978 708 229 454 951 248 457 636 863 
321 100 823 104 441 873 58 319 351 
289 514 934 775 200 489 521 269 749 86 280 254 255 
177 785 930 83 917 710 567 647 426 620 237 366 
483 772 485 233 364 76 498 722 53 566 442 319 191 223 
416 866 67 936 201 459 300 109 626 341 56 824 94 
354 164 375 503 137 282 411 172 173 542 
33 737 132 261 197 805 363 396 308 500 502 284 94 126 
576 944 194 562 722 852 486 566 670 
336 65 917 518 710 649 538 714 858 911 
208 321 86 486 279 487 89 315 189 381 398 366 
32 673 929 642 770 99 630 263 56 893 175 
547 852 646 56 299 955 
321 485 105 745 365 973 366 143 338 403 276 852 246 537 761 
66 419 362 591 176 496 851 436 692 820 311 312 604 61 285 191 
192 609 195 260 197 294 714 685 238 526 599 186 542 383 
48 610 789 855 568 316 221 
97 673 290 406 182 824 378 682 922 427 828 
275 947 102 934 344 825 90 443 427 253 847 
208 851 148 21 709 935 584 217 122 970 126 31 
752 306 162 562 467 406 934 393 585 234 925 
928 369 209 660 357 359 247 72 936 410 140 205 
467 629 57 955 476 319 
720 947 788 471 711 473 28 93 637 558 415 
96 640 17 3 884 473 10 315 587 541 781 271 
929 946 981 987 285 813 
576 800 513 609 549 263 7 201 75 176 81 465 184 952 61 
48 705 850 294 200 538 525 702 
256 50 210 851 260 324 453 757 838 330 61 
673 114 338 356 693 121 777 793 442 284 910 
418 260 628 501 6 648 888 105 586 811 252 236 
146 660 965 71 664 777 
274 722 675 104 856 524 
256 115 947 549 327 551 477 94 223 159 655 
405 853 327 55 538 970 13 861 191 
384 657 753 546 467 499 771 821 869 584 331 685 
498 436 692 421 70 102 232 203 827 157 
899 645 102 425 681 969 138 942 340 470 22 886 631 313 91 638 
400 788 453 966 616 395 141 493 286 159 
677 470 505 969 202 28 588 604 333 14 911 
800 865 389 902 7 267 715 750 814 655 976 401 723 469 982 600 670 
960 401 
737 194 546 323 291 340 309 709 502 183 201 139 
192 900 393 12 620 302 81 306 19 699 731 444 574 
544 768 946 566 790 552 568 299 252 508 655 
0 514 132 7 233 170 394 274 403 183 601 378 507 574 735 
228 520 713 523 286 
752 626 611 372 57 876 621 989 
226 676 85 151 184 329 42 443 587 731 398 
34 4 102 459 559 815 628 790 823 856 984 121 959 
529 68 550 391 489 777 156 396 268 989 814 287 
465 1 642 180 438 358 614 137 155 75 508 285 
768 18 531 7 653 925 654 63 543 
656 688 945 517 710 103 602 
960 737 516 597 902 153 650 651 875 444 
898 660 839 472 89 25 649 218 810 303 
195 20 647 616 648 777 767 
320 646 280 682 684 509 334 110 910 
33 195 995 164 229 422 425 943 465 148 984 731 30 575 
784 290 451 3 984 666 783 
708 6 135 554 509 
801 86 760 458 219 779 172 812 302 495 
145 290 327 199 490 908 797 286 
449 545 114 775 919 938 891 781 478 
2 649 139 875 78 270 206 111 562 882 920 602 827 285 318 
433 530 835 899 250 907 
48 513 882 612 820 457 538 172 620 750 623 943 
328 712 746 587 365 13 528 401 657 818 439 570 28 
992 515 327 456 200 943 338 693 789 950 90 186 538 667 543 
276 376 797 
224 290 425 905 937 139 877 591 655 695 187 571 955 541 62 
837 390 710 39 71 775 303 752 113 979 629 344 954 540 157 62 222 127 
386 198 230 458 180 820 852 948 887 922 859 62 606 
947 854 56 27 876 942 271 
272 593 322 50 211 212 37 741 476 829 686 
448 869 583 711 490 556 142 497 529 210 531 472 760 
928 454 890 635 782 991 
448 801 181 453 421 709 534 279 106 892 205 
290 258 4 902 487 300 460 686 752 339 116 533 437 600 28 668 829 
132 645 328 648 43 785 469 406 632 313 604 253 478 
192 515 707 900 5 263 369 243 531 660 309 823 314 154 954 125 
98 44 205 237 175 337 978 181 949 697 507 348 221 638 63 
194 646 105 235 526 176 82 371 755 116 597 57 26 346 
802 292 773 902 391 876 111 112 49 498 53 56 505 857 348 
418 35 357 136 400 241 690 629 87 56 475 379 639 
657 883 596 124 606 
608 993 390 105 489 459 939 12 334 496 373 758 375 
513 453 297 395 588 684 303 688 375 279 248 923 255 
288 929 355 196 426 170 78 782 910 496 19 340 21 312 382 
657 402 835 980 757 199 263 507 236 606 734 
564 359 343 759 584 684 335 
129 419 323 260 265 75 267 523 401 434 150 408 892 
450 338 626 690 563 357 637 671 
168 249 26 538 619 588 
787 805 598 63 799 
432 976 979 932 277 421 933 486 343 440 287 
512 178 307 227 355 277 725 390 999 571 943 
256 775 360 648 394 650 267 76 749 270 80 82 634 731 156 638 862 287 
578 230 726 171 636 
608 483 100 421 677 837 265 842 527 80 114 82 471 343 155 191 
949 555 603 715 
322 51 565 936 553 970 603 366 718 959 
564 677 742 440 920 905 811 797 
576 131 623 144 17 145 371 467 215 471 121 249 507 92 
16 768 466 130 195 355 60 973 158 
448 81 738 742 312 378 874 507 668 940 479 159 
866 388 708 788 645 886 408 777 875 365 335 
1 900 903 169 843 332 972 15 530 979 56 824 861 31 351 
394 202 203 108 653 142 559 16 688 533 281 348 252 638 
97 353 771 132 772 75 843 430 174 240 816 848 53 153 92 
208 960 225 787 452 582 345 186 414 814 719 
114 676 711 361 506 778 508 
930 150 695 887 521 874 75 685 606 
35 70 742 489 176 753 691 566 886 471 441 857 889 26 122 987 348 223 
177 370 403 835 102 200 426 364 140 908 
561 801 116 633 749 750 862 
225 210 54 104 588 590 
609 913 664 281 925 303 
82 930 214 55 
162 276 405 774 950 425 811 844 573 222 
193 919 410 538 730 843 28 668 413 943 
66 482 644 553 810 76 204 12 498 822 93 669 382 
416 640 451 483 172 272 81 883 149 757 886 888 731 
20 948 598 87 201 75 220 252 141 493 814 255 
610 487 423 11 460 80 720 530 179 660 885 855 760 28 988 29 319 511 
193 579 86 502 550 790 311 681 220 556 45 335 
704 66 802 389 681 74 621 847 178 183 695 378 989 447 
928 674 579 3 180 901 425 171 333 
674 947 20 132 533 917 982 905 477 941 174 
897 226 646 999 712 684 782 719 432 145 913 277 725 822 250 925 989 
419 69 422 845 782 914 660 820 150 183 537 383 415 
608 769 711 235 334 750 337 17 663 759 248 824 445 
929 930 823 712 185 831 
17 355 548 205 31 
848 369 545 771 517 101 86 88 457 9 44 
898 211 20 388 73 586 557 973 
950 712 984 444 478 
800 930 851 358 503 953 714 189 541 701 718 
101 312 936 217 426 508 622 
516 980 85 22 6 118 966 313 905 283 527 287 
18 563 564 325 230 742 56 27 779 268 
435 502 166 394 827 477 109 989 542 
688 832 305 897 723 647 796 828 
548 244 197 535 839 552 733 62 575 
304 451 789 26 43 876 95 
272 562 594 549 214 439 777 317 30 367 223 911 
33 162 386 738 580 805 968 489 78 174 310 886 215 727 731 478 
304 587 957 479 287 
994 195 259 741 331 79 303 820 852 884 825 636 253 510 863 
880 912 529 417 897 898 326 23 920 762 123 942 
978 851 979 678 343 903 297 938 
514 722 837 22 89 939 398 430 206 702 271 
753 867 228 325 870 456 440 296 314 762 
627 501 519 413 862 143 
800 395 717 
17 929 738 916 761 715 655 
800 20 245 869 358 950 88 633 556 892 638 959 
3 227 964 296 363 939 876 529 466 308 277 506 251 411 157 862 
736 644 71 743 871 393 873 140 589 13 240 408 376 510 
867 100 152 601 687 
192 529 657 709 214 566 857 202 26 810 
962 852 884 437 183 695 457 633 857 202 636 
768 787 664 222 
160 193 706 232 555 141 270 468 85 310 253 61 510 
768 738 35 295 616 109 174 686 782 80 304 49 854 441 412 221 734 831 
512 964 493 176 80 978 179 84 884 213 54 854 59 317 
547 644 485 773 71 776 266 714 147 534 888 345 697 922 
288 866 260 293 301 719 783 149 855 313 474 762 27 
929 34 226 131 771 677 935 457 428 908 365 688 500 724 
178 227 742 542 
624 578 212 980 933 619 843 300 844 317 414 
560 353 132 788 37 454 711 791 392 297 139 414 
818 20 821 457 761 539 907 637 
624 561 49 322 611 708 7 377 445 189 463 
178 290 486 646 758 680 649 730 635 555 413 782 
544 263 903 456 619 716 560 49 212 500 347 571 318 
130 547 775 999 394 403 309 437 214 56 922 316 29 
768 832 402 900 438 487 585 987 735 
374 230 838 663 903 95 
514 244 104 57 474 378 173 686 894 255 719 
146 212 100 644 839 905 
450 643 230 584 169 621 368 50 629 86 313 90 125 
752 177 657 386 994 500 374 569 266 542 
160 545 68 39 520 394 138 875 335 112 592 304 726 794 475 795 668 637 958 
417 674 195 68 423 295 519 169 395 204 749 909 174 752 466 279 605 63 
736 832 3 519 237 493 560 753 83 949 246 218 348 542 
193 805 518 973 942 527 399 49 242 658 886 472 122 922 28 637 829 
16 560 432 881 290 787 52 517 133 919 73 461 
736 673 835 517 734 
224 993 194 423 360 40 330 362 461 376 315 701 893 
368 449 515 292 852 6 312 872 265 571 205 447 
515 244 725 
618 907 142 304 48 496 434 660 788 533 503 122 314 507 764 
240 928 947 516 950 711 72 
3 548 645 552 396 172 269 814 623 498 530 344 314 286 862 926 319 
449 933 297 649 462 78 238 914 85 344 700 861 766 
820 932 902 367 
256 196 484 677 518 905 587 973 494 655 879 593 884 182 279 121 543 
754 994 246 678 726 
192 962 35 710 10 267 939 
768 641 594 899 293 935 456 841 666 794 78 
418 580 70 840 681 13 973 494 112 625 82 851 191 
64 273 691 198 679 376 232 761 122 987 268 461 
663 522 254 
370 531 260 341 677 186 459 78 
896 68 646 231 583 712 9 42 908 14 272 976 820 408 568 541 286 
416 946 584 938 268 685 717 
899 196 391 263 335 433 146 786 119 503 471 410 29 
17 914 857 394 555 718 766 830 
144 769 84 868 981 894 
480 992 325 230 392 41 10 427 651 492 271 208 305 790 761 474 988 
67 963 804 647 743 168 363 590 591 753 51 851 310 120 312 413 701 
48 930 35 68 773 885 678 680 936 15 495 
707 8 680 334 750 943 275 917 823 761 797 574 511 
960 257 261 42 109 398 176 81 562 754 660 565 502 631 409 667 446 
704 675 661 613 277 439 747 446 942 687 719 
800 928 454 328 137 299 685 238 720 665 825 956 190 
418 770 675 676 101 869 455 232 332 920 952 441 218 91 987 189 637 93 286 894 
288 256 704 928 929 740 709 425 75 588 589 750 883 500 437 86 215 664 58 987 
480 769 741 199 520 268 174 814 977 371 851 789 150 442 
882 772 934 71 360 
353 258 291 452 709 550 520 168 553 394 139 686 592 49 147 121 
64 161 261 679 360 328 333 47 239 498 347 669 701 478 575 
642 770 963 68 964 684 750 369 401 243 307 627 52 85 821 984 217 537 123 541 29 
738 678 923 701 622 367 
516 550 842 336 307 821 631 919 440 57 571 445 605 317 
693 235 876 383 
432 448 898 547 819 341 343 424 57 555 957 111 
576 705 995 100 197 198 971 110 111 146 216 665 122 251 30 
499 196 407 972 477 285 829 
689 338 770 307 531 325 263 492 350 446 94 751 
913 710 966 215 30 
624 912 177 533 405 268 397 589 62 575 
144 948 853 879 
256 544 768 289 964 10 432 754 181 629 85 119 216 952 378 29 
114 882 883 963 149 827 764 766 
881 776 506 794 
368 658 789 805 934 876 
674 868 104 906 652 333 685 205 174 302 687 81 370 978 600 28 444 62 
993 51 372 614 376 24 490 954 27 
226 738 818 741 
736 752 129 678 951 681 922 908 589 
352 82 691 325 247 25 490 362 59 397 
626 962 776 987 940 765 
676 133 710 423 136 122 138 955 543 
449 770 294 523 108 238 302 271 463 113 115 245 569 250 636 989 
482 681 297 684 366 623 151 345 505 91 252 540 828 
707 195 516 294 743 877 466 534 662 694 472 826 126 
0 224 768 291 323 996 293 486 656 977 338 594 308 984 538 634 444 574 447 63 
199 426 428 46 592 848 113 977 530 595 724 917 310 599 919 57 668 860 
64 881 278 714 971 509 942 
738 739 180 420 357 629 790 600 472 713 478 
368 563 803 132 36 294 503 618 77 
832 130 4 134 72 169 171 140 850 22 950 951 378 638 223 
65 790 72 617 331 669 
99 356 740 902 173 207 177 274 564 244 278 120 600 824 26 347 124 380 671 
592 193 642 147 787 230 678 630 311 361 426 573 
800 722 738 978 486 679 793 587 909 
832 17 833 178 420 37 790 267 317 318 
388 101 614 774 330 42 12 495 751 720 273 243 467 21 471 250 285 
293 373 503 359 808 747 605 
304 35 947 404 631 119 264 712 410 762 907 62 
592 434 276 886 379 381 654 559 
416 66 418 802 772 646 296 297 265 77 270 176 561 305 402 148 661 22 987 
912 609 339 851 932 329 943 
884 777 811 300 
262 
64 455 583 777 426 395 875 399 215 247 441 922 763 29 637 30 
161 609 585 521 364 812 560 81 978 89 506 511 351 
180 927 
131 454 422 331 606 47 
322 260 424 552 651 396 204 239 879 48 816 627 23 151 184 380 861 415 
640 67 867 841 778 875 508 844 
704 97 290 386 803 4 648 440 969 651 621 991 
752 3 851 276 517 38 470 505 779 286 
609 387 803 360 106 714 618 298 778 301 687 720 627 372 568 920 409 249 830 703 
881 339 714 
226 819 308 212 789 934 681 906 317 718 
304 611 835 884 357 229 537 314 682 172 703 
576 417 964 6 199 231 425 426 205 114 818 565 53 789 343 568 632 603 92 
913 674 388 148 710 156 621 959 
987 236 991 
161 225 915 902 297 315 476 
530 51 452 820 950 760 442 798 894 
723 678 92 943 
321 50 787 876 
578 165 902 647 232 43 462 560 465 403 248 760 25 29 222 
578 98 676 456 681 425 170 778 236 686 529 594 276 503 
995 5 262 198 41 80 722 116 884 693 439 984 60 445 765 
704 737 483 645 647 168 202 142 463 144 534 184 89 155 541 510 
64 576 129 674 100 454 134 615 648 392 460 336 241 498 760 794 317 
240 801 788 661 677 328 697 953 876 813 
545 23 830 
352 368 24 173 222 942 
320 804 166 552 585 265 361 266 491 331 268 915 213 118 311 381 254 
549 945 338 882 309 789 854 823 57 793 637 127 447 
881 594 148 134 439 553 970 381 
358 394 746 587 524 749 176 336 273 753 277 982 152 441 409 793 538 413 
673 676 212 87 935 665 618 426 635 476 189 
113 402 771 724 612 630 615 843 236 
417 929 730 331 
387 886 698 655 
289 706 290 102 332 77 365 751 271 439 282 30 447 
873 202 394 203 171 363 300 972 14 240 658 884 789 698 860 671 
519 972 910 
640 160 97 227 515 772 869 933 711 937 336 625 627 212 406 663 567 248 697 507 190 
672 242 594 453 311 682 
416 816 977 19 708 693 680 138 474 350 686 175 
161 802 772 934 266 140 397 785 498 597 631 984 89 762 572 
768 160 385 801 771 420 100 900 135 683 945 467 821 726 953 572 414 
881 146 546 675 84 629 167 55 855 442 
193 722 964 885 262 582 902 969 890 43 379 814 
803 390 42 331 526 560 465 881 85 534 215 189 639 
288 706 450 39 266 203 171 395 80 240 945 212 629 857 699 893 
608 513 321 33 929 258 519 392 42 779 492 494 401 818 211 151 728 569 730 
384 977 738 214 887 574 750 735 
256 737 226 2 777 233 524 238 372 980 984 603 412 29 413 
224 900 902 968 793 
450 834 995 805 487 823 871 427 828 526 63 
551 235 13 237 173 815 400 80 592 593 627 51 822 375 312 539 316 637 797 830 
994 457 522 42 202 203 12 173 209 433 275 630 983 253 
928 914 787 522 971 
466 771 307 7 93 542 943 
353 978 789 186 989 670 
322 130 67 99 454 650 300 748 557 719 47 784 625 215 281 282 348 573 
448 305 754 501 486 569 634 461 46 655 
65 740 742 328 936 682 11 268 876 786 531 52 758 153 700 766 607 479 
512 928 673 105 714 364 12 588 205 717 877 721 406 507 319 
354 261 215 823 634 191 879 
800 290 926 974 
720 256 212 758 822 760 824 492 780 892 
897 803 646 199 233 335 208 753 50 306 663 855 312 953 699 380 444 158 446 95 
930 646 872 461 829 925 
370 820 885 345 906 605 
34 51 532 356 212 676 565 359 379 525 782 
37 746 891 108 93 813 382 
557 350 
34 67 452 679 489 617 395 43 619 269 720 277 439 503 600 792 858 859 
578 195 772 40 524 140 45 141 754 408 58 155 540 124 
32 224 194 546 771 260 869 936 459 589 726 310 246 280 283 315 348 221 
736 97 738 386 420 324 837 775 715 946 85 438 86 794 223 
48 897 50 674 819 979 757 58 267 205 271 
609 67 835 100 649 557 781 430 177 306 277 470 279 700 
245 902 168 348 
68 
723 19 103 969 330 970 381 445 
49 833 946 901 965 903 935 892 
993 932 518 183 312 584 824 281 623 
582 359 202 907 493 462 335 305 945 371 565 728 959 
273 994 888 953 874 75 731 524 77 959 
962 419 103 488 43 332 400 433 754 50 276 923 380 798 447 
513 132 229 774 423 393 682 586 202 876 657 503 187 573 
512 906 782 926 847 
770 164 262 6 902 168 266 171 976 849 274 215 572 316 989 734 
947 295 839 
3 262 742 777 43 13 237 943 49 530 434 346 123 635 286 703 
992 690 914 3 804 740 
66 611 102 326 746 46 593 529 659 950 535 345 668 796 477 255 
225 772 201 686 142 688 944 498 274 242 82 84 311 635 381 317 447 
865 163 133 584 908 782 14 592 305 83 371 339 278 793 
512 288 257 450 676 72 781 464 177 595 373 758 791 447 543 
480 881 594 468 54 360 793 570 810 189 718 
481 611 291 119 679 
384 710 935 857 953 301 253 303 
499 85 698 251 604 301 189 527 31 
480 868 709 885 187 107 124 605 781 
450 35 165 837 423 649 692 341 153 249 537 219 795 987 541 445 
738 850 163 755 121 970 46 782 671 
304 211 595 627 84 21 901 268 13 157 
640 100 901 648 232 168 137 457 716 239 721 51 947 920 605 
400 721 914 373 279 809 428 
920 781 
288 528 577 370 356 741 805 344 552 651 396 975 
116 133 
803 614 358 231 456 265 562 114 51 916 534 343 829 351 
641 913 853 491 62 862 
817 113 643 436 85 181 518 360 332 606 879 
664 879 
978 277 663 300 735 
688 562 882 260 342 855 266 171 77 862 
384 324 583 73 112 436 181 633 570 762 59 923 572 287 
913 421 582 633 905 906 445 237 735 319 
593 257 260 85 390 393 377 299 
944 968 11 220 
481 275 52 356 900 922 252 589 14 303 815 
384 209 290 597 712 281 378 572 140 14 
816 196 340 868 102 442 202 
308 213 294 886 999 217 490 874 716 397 830 
737 674 482 421 613 966 682 491 303 882 982 727 600 312 664 477 351 
611 135 391 236 653 624 50 535 471 56 154 475 476 220 29 893 
416 369 177 497 163 52 838 375 696 456 347 
627 628 758 918 536 939 860 
323 773 199 842 299 587 81 979 373 630 54 184 794 156 188 28 479 
240 512 265 90 495 
352 576 546 293 166 776 236 398 623 239 624 50 950 826 154 671 
800 962 421 389 328 104 236 913 338 883 310 248 408 472 924 61 
800 209 993 2 51 535 456 365 
896 321 230 455 712 269 973 176 213 854 278 954 156 766 63 
291 3 996 933 135 906 878 80 497 658 883 22 919 570 411 923 444 445 734 
160 97 578 259 838 903 616 328 842 938 620 462 111 560 657 90 221 158 959 
400 611 947 454 56 938 331 910 207 463 
27 
193 822 503 
211 468 630 214 87 967 569 953 315 893 
977 615 393 249 202 987 622 735 
672 67 294 71 201 12 46 16 849 216 442 828 701 
768 802 387 422 680 42 619 498 210 245 885 312 26 538 221 
901 615 
4 123 781 621 77 
193 209 950 982 186 795 653 430 
464 951 282 874 621 766 
194 262 199 873 812 204 173 79 850 568 281 347 412 287 575 
192 517 646 329 298 335 527 177 19 405 310 569 730 892 190 735 
546 135 263 10 235 748 268 620 76 814 689 754 789 150 536 153 700 510 62 607 
274 533 246 710 790 382 
81 861 973 
386 839 840 970 140 143 660 791 696 349 734 159 991 
612 922 
739 165 773 422 775 104 713 650 86 759 824 217 889 922 699 445 893 989 
2 905 842 683 527 529 113 851 84 758 407 376 698 
945 548 200 904 585 681 858 698 331 861 462 
611 741 487 363 267 971 751 624 16 945 370 660 628 374 152 728 953 314 410 766 
675 869 37 933 774 587 235 210 947 89 796 828 62 
576 609 226 649 585 906 11 850 500 725 215 376 89 569 764 
256 450 995 902 535 778 300 398 575 
273 226 629 585 812 493 46 174 
576 881 198 378 
337 67 68 774 232 393 539 331 
993 235 798 526 
259 901 809 793 554 875 619 540 93 61 
97 866 69 294 263 776 360 265 106 652 80 881 852 20 437 152 474 157 
672 642 680 746 43 235 236 111 117 439 217 921 319 
359 327 
23 903 936 860 668 13 943 
64 592 16 612 804 102 282 794 605 
993 690 995 612 518 598 987 124 
928 74 205 528 337 500 663 376 217 121 58 27 670 95 
640 772 135 73 780 302 847 176 177 49 570 506 222 543 
832 353 289 228 870 809 938 590 79 915 341 246 376 185 90 892 831 287 
546 517 806 774 745 780 749 718 816 273 179 659 53 887 503 25 541 
896 641 613 809 570 362 638 862 
883 148 116 
448 130 643 139 844 332 237 591 177 882 660 533 565 442 602 959 
66 227 740 132 74 268 844 13 237 815 144 17 886 246 412 796 701 861 
528 913 724 68 952 313 635 811 655 
704 577 357 165 822 631 920 952 970 668 108 525 
720 434 419 372 934 647 989 
34 326 551 520 458 154 492 286 126 863 767 
608 166 502 135 472 26 59 254 
612 69 727 695 
224 97 580 421 454 838 743 327 456 296 907 844 237 269 943 592 694 25 858 189 
784 593 833 658 819 212 263 120 346 58 671 
402 962 757 901 745 222 367 
992 145 979 837 182 950 618 219 
466 676 472 152 712 366 591 
854 167 440 299 
583 712 328 458 170 650 108 526 688 177 114 313 443 861 
832 738 834 195 612 964 326 103 680 908 332 430 974 527 82 371 403 565 
359 361 284 894 190 
704 480 165 649 457 75 847 880 305 881 629 535 408 730 413 639 
550 182 183 843 172 861 813 687 
337 136 393 858 
592 483 515 580 996 149 375 795 29 
657 421 792 58 815 
352 354 104 427 732 
97 899 67 484 102 679 40 681 590 784 656 790 539 252 
227 199 551 488 681 777 618 595 371 631 88 474 763 
466 595 675 403 581 951 600 24 171 795 316 575 
24 955 
208 48 659 727 8 233 810 331 558 
768 325 167 297 363 558 112 49 658 51 244 373 885 438 439 215 633 348 861 
481 2 771 483 740 101 683 268 301 909 465 947 700 94 414 
449 385 354 482 162 809 458 272 976 180 631 663 151 88 761 826 253 382 222 
896 802 675 484 468 564 789 182 601 61 447 
768 322 533 166 
176 613 901 376 426 444 669 862 526 863 415 
978 180 549 614 182 662 854 135 344 315 620 
706 568 952 988 
336 591 
756 612 308 500 678 183 536 713 649 76 430 
896 3 676 966 583 521 747 396 110 559 207 335 400 785 529 913 818 531 727 407 413 62 
288 821 471 446 846 
772 516 260 776 42 811 46 303 306 883 884 758 438 120 188 
803 388 453 390 231 488 809 459 237 13 273 402 373 218 507 669 447 
832 481 353 962 965 486 934 72 78 591 496 656 817 724 885 439 87 536 445 863 
21 535 696 586 364 989 238 
544 563 196 982 648 41 59 956 
582 326 423 200 872 297 746 619 716 656 531 916 820 599 857 154 
704 930 371 245 342 455 873 251 716 463 
226 34 6 392 328 200 680 489 907 940 908 400 697 
33 866 386 772 6 454 328 331 812 754 978 52 884 343 600 794 826 442 
534 246 344 296 860 702 430 543 975 
707 931 485 359 169 430 271 18 437 533 475 60 381 
949 213 679 441 427 
690 610 83 52 
646 63 
512 6 743 905 619 811 812 206 305 564 186 987 862 
324 677 517 360 168 9 207 145 370 82 504 27 573 127 
405 969 43 254 
706 258 131 389 422 326 166 813 974 624 915 947 148 662 406 858 187 61 63 
674 131 387 182 217 394 698 686 
64 65 259 742 774 138 266 202 459 620 44 686 275 403 116 628 277 920 249 697 
240 290 947 200 233 809 494 
422 232 397 14 943 305 851 52 501 117 694 602 286 
866 
192 609 971 780 445 846 
736 961 161 774 199 808 44 82 500 502 22 187 28 221 30 127 
497 482 564 101 7 759 808 908 398 830 879 271 
784 691 884 295 968 713 446 
978 692 148 405 198 570 331 220 61 766 767 
323 35 453 359 649 457 878 83 660 598 247 311 567 664 89 315 252 476 860 
962 402 277 438 792 920 142 
994 835 7 185 954 
816 117 503 935 232 987 668 156 254 286 558 
770 867 979 711 712 362 682 778 315 317 
544 128 613 200 297 841 330 939 972 172 239 463 720 786 628 984 121 953 282 731 701 
354 35 804 613 101 325 5 133 365 558 977 308 916 534 855 248 570 
552 633 602 779 
672 88 488 
305 163 851 308 949 503 72 872 760 314 143 591 
115 223 783 
320 160 512 771 453 711 39 521 522 779 686 751 978 54 599 351 
305 995 8 
300 
576 640 706 898 867 488 680 744 681 428 976 726 344 665 829 446 959 31 
673 280 587 940 
513 450 323 708 909 589 174 816 592 113 881 786 83 948 121 90 604 253 285 510 
186 109 303 
736 37 744 539 879 
673 531 307 819 916 152 251 235 
898 36 549 455 810 107 652 429 142 115 51 116 891 859 155 702 190 
611 995 661 645 812 431 975 783 
898 994 103 264 168 521 781 751 178 114 691 212 887 24 344 985 347 412 
182 711 296 169 298 155 925 861 207 
356 
275 395 
592 240 257 850 434 8 441 186 366 639 559 399 
