50 350
32 1 2 3 38 7 8 9 41 13 15 47 48 31 
0 16 32 49 2 34 3 35 4 37 22 13 
0 1 34 8 40 9 41 11 12 47 48 17 21 26 28 31 
0 1 33 35 5 38 7 41 43 16 18 21 30 31 
16 32 1 35 6 7 8 25 26 
32 33 34 3 6 38 8 9 41 11 43 12 44 18 24 
32 34 4 5 37 40 41 10 44 13 21 22 25 30 
0 3 4 37 8 9 11 43 44 16 24 26 28 
0 2 34 35 4 5 38 7 41 12 18 25 31 
0 32 33 2 34 5 37 7 41 42 11 44 13 16 17 49 25 27 
34 35 6 39 40 41 43 12 13 45 48 26 29 31 
2 34 35 5 7 40 9 41 47 48 49 21 30 
2 35 5 37 8 41 10 43 13 14 48 20 26 28 31 
0 1 33 34 37 6 38 40 9 10 42 12 15 47 20 21 23 24 26 28 30 
32 33 34 36 40 12 44 46 16 48 18 19 26 30 
0 16 32 37 24 40 26 43 13 29 31 
32 1 33 3 4 38 7 40 9 41 14 15 25 26 30 
48 33 2 35 21 24 40 9 41 26 31 
32 33 34 3 35 5 37 38 8 40 41 14 48 19 26 27 29 31 
32 18 34 35 37 25 43 44 14 31 
32 21 40 25 41 12 44 13 30 31 47 
33 2 3 35 36 6 42 11 43 44 13 17 20 24 26 30 
32 48 1 33 35 37 6 41 27 
34 35 37 38 41 13 45 31 47 
32 35 5 37 38 7 40 41 13 15 48 17 21 27 30 31 
33 4 37 6 38 8 40 9 45 47 16 19 20 26 
2 34 35 4 36 7 40 41 10 12 13 14 15 16 17 18 21 25 30 31 
33 49 18 34 22 24 9 31 
2 34 35 37 7 41 42 43 12 13 47 
32 18 35 37 40 10 43 15 
33 3 6 38 42 11 43 13 14 47 16 48 20 21 24 26 
0 2 34 3 35 39 8 41 10 12 15 47 48 17 18 19 20 23 24 26 27 
0 1 33 4 5 6 9 43 14 15 16 48 18 19 20 22 24 29 
32 34 3 5 37 40 9 44 13 14 47 16 17 18 21 22 25 27 30 
1 33 2 5 37 6 8 9 10 11 43 13 14 47 48 18 19 23 26 27 28 31 
1 3 4 38 8 40 10 11 43 12 44 17 18 19 21 22 23 24 26 28 29 31 
21 37 38 26 44 14 47 
1 33 34 36 6 38 7 9 41 43 12 13 15 47 18 19 22 23 24 25 28 29 
0 35 3 36 37 5 8 43 13 45 16 18 23 24 25 30 
40 10 42 43 31 47 
33 2 35 6 39 10 11 44 13 14 15 16 48 17 18 20 24 25 26 29 
0 2 3 37 5 6 8 9 10 42 11 43 12 16 17 18 20 22 23 24 26 28 31 
21 39 9 41 28 13 30 
32 34 3 35 37 5 38 39 7 41 10 12 15 47 48 19 21 28 29 30 
33 35 36 5 6 7 40 9 14 46 19 20 21 
38 23 25 10 
44 14 47 
0 33 2 34 36 37 39 43 11 13 46 20 23 25 28 30 31 
32 0 2 34 40 10 11 43 12 14 17 18 22 24 30 31 
1 9 27 11 
